Multible size <= 100
TEST 1 ARG:7 22 79 64 97 39 27 4 83 75 88 2 28 44 32 63 96 87 38 60 57 55 43 92 45 49 46 24 58 85 29 23 59 78 20 98 25 11 18 17 67 80 10 37 1 61 73 69 6 51 52 40 68 66 14 95 65 89 90 8 13 16 30 74 91 21 5 34 0 62 72 70 99 31 81 19 54 71 93 86 12 26 36 42 47 77 15 56 82 33 94 9 84 50 48 76 3 53 41 35
TEST 2 ARG:64 96 94 65 47 63 37 13 40 11 69 49 89 39 52 30 87 0 76 4 10 26 55 97 54 25 27 79 1 84 45 78 50 90 44 58 53 48 88 21 18 16 80 34 73 43 91 31 17 67 72 19 5 14 74 2 42 35 9 62 57 3 36 92 28 33 20 38 60 95 23 83 71 81 82 51 70 24 8 46 41 75 66 99 29 12 77 68 7 93 86 56 85 32 22 59 61 15 98 6
TEST 3 ARG:73 31 69 32 70 59 38 72 22 18 7 3 28 42 60 86 77 11 83 61 68 10 78 40 24 12 48 80 63 36 90 79 49 23 95 44 89 35 58 76 98 51 92 87 82 9 88 56 26 67 8 41 55 62 19 50 39 81 33 16 43 13 20 64 27 91 17 93 65 46 45 6 71 4 34 14 37 85 0 75 2 96 15 74 84 66 47 1 94 30 97 54 53 99 29 21 52 57 5 25
TEST 4 ARG:8 3 77 78 10 95 50 87 49 20 52 80 41 86 46 13 16 22 89 28 4 98 55 69 35 94 53 96 71 74 11 54 75 29 65 91 2 64 25 30 56 15 18 12 47 23 85 5 58 24 40 17 82 92 34 38 32 44 21 88 14 26 99 33 63 73 59 39 43 90 51 57 27 66 9 6 19 0 31 83 67 62 79 42 7 81 84 1 93 45 97 72 36 70 48 37 60 61 68 76
TEST 5 ARG:9 64 37 16 81 61 92 27 73 72 8 78 66 30 38 62 42 49 83 60 94 96 7 86 48 91 15 40 41 35 6 80 52 88 3 17 59 54 56 18 19 2 32 57 67 74 23 0 76 13 85 10 24 31 84 44 46 4 50 34 1 82 65 98 55 29 33 90 89 70 47 63 87 5 97 58 28 69 75 93 45 39 20 22 14 71 43 79 11 25 21 51 26 68 95 12 99 77 53 36
TEST 6 ARG:82 79 10 90 69 21 27 54 0 26 18 94 6 73 46 17 7 9 92 93 83 36 76 22 56 86 12 38 96 4 67 85 80 34 8 2 88 43 84 25 64 31 89 53 1 78 48 52 5 14 32 24 44 29 58 60 13 99 95 98 41 35 71 40 74 81 37 51 16 19 42 55 57 59 11 47 63 23 77 15 91 75 50 49 66 3 20 87 30 65 68 62 33 72 61 97 39 70 45 28
TEST 7 ARG:96 50 16 74 19 11 21 37 80 49 3 39 26 12 32 73 29 70 86 92 0 24 95 55 72 99 9 10 54 97 90 5 27 52 78 56 8 66 75 34 17 62 82 6 64 28 46 45 85 31 42 30 65 69 47 81 4 88 89 35 23 44 14 22 91 40 1 63 67 15 2 48 38 51 79 60 76 83 58 87 13 71 98 33 36 59 61 18 20 43 53 94 77 93 41 25 84 7 68 57
TEST 8 ARG:11 44 56 32 38 52 13 35 19 33 67 18 53 29 6 10 58 41 99 26 22 57 91 37 89 54 12 40 65 74 88 30 7 48 66 45 62 77 95 70 0 86 21 50 25 24 82 17 83 64 76 34 84 92 23 94 73 85 4 75 87 90 31 72 61 71 59 63 3 36 42 8 81 79 47 51 9 98 27 5 93 16 68 69 97 15 43 14 60 39 46 80 20 55 28 1 2 78 96 49
TEST 9 ARG:36 9 35 16 40 4 21 13 14 71 17 25 22 1 93 0 49 85 78 86 68 57 81 26 92 95 56 67 20 58 72 75 34 41 45 10 47 23 28 64 12 91 69 74 53 44 83 32 66 54 97 43 37 6 39 30 90 8 42 3 82 19 24 76 63 55 11 7 46 50 88 89 51 62 33 38 80 31 59 5 60 96 99 94 73 15 84 87 52 77 48 29 18 79 70 2 65 61 27 98
TEST 10 ARG:58 11 82 43 44 21 56 76 61 45 91 85 38 48 15 28 24 14 59 27 46 86 84 30 51 37 90 69 49 71 81 50 52 95 39 25 73 36 57 67 53 8 10 70 23 54 96 1 83 60 98 9 34 31 66 80 63 97 41 0 74 17 88 3 26 79 93 20 40 2 6 22 89 4 5 19 16 62 87 78 65 92 12 64 32 94 7 77 33 55 75 72 68 18 29 47 42 13 99 35
TEST 11 ARG:88 84 23 56 86 33 8 72 92 75 35 74 61 19 79 66 68 87 82 89 69 45 7 96 55 47 29 73 62 53 38 0 51 40 4 42 13 12 58 71 65 81 41 99 15 18 36 25 97 32 2 31 94 24 17 83 91 98 90 57 78 27 28 6 64 20 44 60 95 48 59 80 63 50 85 16 26 34 70 76 93 14 21 37 49 46 52 9 22 5 77 43 1 30 54 39 10 11 3 67
TEST 12 ARG:54 57 37 22 96 15 10 93 30 77 69 47 11 23 14 4 90 65 9 60 72 32 21 63 19 85 26 80 43 40 46 0 76 5 25 67 64 86 53 70 84 17 49 52 94 33 74 45 28 42 88 3 97 6 73 68 12 20 81 35 41 66 50 16 13 38 18 75 24 92 31 44 89 71 87 58 48 55 78 1 29 8 36 83 99 61 82 39 95 56 2 34 79 7 62 91 51 59 27 98
TEST 13 ARG:23 80 97 56 38 20 16 50 90 32 72 70 48 24 99 95 35 31 30 8 44 55 10 27 61 43 98 88 46 26 74 53 6 29 69 82 17 78 19 34 57 81 63 12 68 45 91 51 73 37 54 4 87 15 76 83 18 21 3 11 49 40 41 64 42 65 39 89 25 7 67 93 13 2 84 79 9 22 33 36 77 94 58 14 52 0 60 59 96 62 1 86 71 92 47 66 5 85 28 75
TEST 14 ARG:65 13 33 44 22 40 32 48 46 52 80 85 23 17 14 4 3 60 9 86 93 50 1 89 2 95 68 25 94 51 0 62 38 5 90 8 78 57 77 96 66 58 70 54 56 87 29 53 30 69 82 67 72 49 75 83 27 61 74 6 43 20 88 81 42 36 10 99 11 97 76 63 35 59 45 91 26 28 7 31 71 15 92 39 47 73 98 19 16 37 84 55 64 41 34 79 12 24 18 21
TEST 15 ARG:90 13 20 96 71 5 2 42 41 67 95 92 79 14 28 35 50 75 43 46 83 97 1 84 34 22 80 77 6 65 55 19 40 4 89 12 36 44 7 52 47 98 8 18 94 60 70 10 16 23 3 91 76 45 51 25 27 99 32 61 31 11 85 68 72 58 64 38 74 39 26 37 63 49 57 33 9 59 81 69 66 54 93 62 86 53 29 21 0 56 78 88 73 48 15 24 87 30 82 17
TEST 16 ARG:10 7 88 41 50 79 73 74 0 3 72 81 1 90 2 30 14 47 45 61 46 56 5 38 92 80 70 17 83 44 33 23 19 78 57 69 89 32 60 53 16 82 93 29 84 58 68 71 87 54 97 49 22 25 63 28 96 42 67 76 59 43 62 13 34 12 40 77 65 11 35 20 75 6 37 86 36 94 64 95 26 27 18 55 21 48 4 52 9 85 31 91 98 39 8 15 66 24 99 51
TEST 17 ARG:71 6 83 3 82 28 46 94 9 42 13 70 16 24 60 77 57 61 59 78 27 22 56 36 0 53 93 47 66 26 45 17 62 1 68 91 75 86 92 89 34 54 50 63 95 30 8 20 80 19 74 90 72 37 32 73 39 29 67 58 49 38 35 40 87 18 14 79 15 69 85 76 97 98 25 51 4 52 33 7 99 81 96 55 88 11 41 2 10 31 48 44 23 12 43 65 64 5 84 21
TEST 18 ARG:3 41 38 43 85 32 47 14 81 92 87 63 30 4 2 95 83 78 12 77 61 6 0 27 40 82 18 22 58 93 54 20 64 42 36 55 57 15 70 98 17 60 96 53 67 25 65 56 37 62 1 71 76 46 66 68 59 94 35 10 16 19 74 44 79 34 5 21 8 75 7 73 89 69 13 51 49 80 9 72 11 31 99 28 91 33 88 50 45 86 84 29 39 90 48 52 97 23 26 24
